01 BCI2313 1 0 10 12
01A BCI2313 0 4 10 12
01B BCI2313 0 4 8 10
02 BCI2313 1 1 10 12
02A BCI2313 0 0 16 18
02B BCI2313 0 0 14 16
03 BCI2313 1 3 10 12
03A BCI2313 0 1 16 18
03B BCI2313 0 1 14 16
01 BCN2023 1 0 8 10
01A BCN2023 0 4 8 10
01B BCN2023 0 4 10 12
02 BCN2023 1 1 8 10
02A BCN2023 0 0 14 16
02B BCN2023 0 0 16 18
03 BCN2023 1 4 8 10
03A BCN2023 0 0 8 10
03B BCN2023 0 0 10 12
04 BCN2023 1 0 14 16
04A BCN2023 0 1 8 10
04B BCN2023 0 1 10 12
01 BCN2093 1 4 10 12
01A BCN2093 0 0 10 12
01B BCN2093 0 1 12 14
02 BCN2093 1 1 10 12
02A BCN2093 0 0 16 18
02B BCN2093 0 0 14 16
01 BCN3043 1 4 10 12
01A BCN3043 0 0 10 12
01B BCN3043 0 1 12 14
02 BCN3043 1 0 16 18
02A BCN3043 0 1 10 12
02B BCN3043 0 3 12 14
01 BCN3203 1 3 8 9
01A BCN3203 0 1 14 17
01B BCN3203 0 3 14 17
02 BCN3203 1 0 14 15
02A BCN3203 0 1 8 11
02B BCN3203 0 2 8 11